{
  "advancedEditorSelectedIdentifier" : "ShaderGraphEditorPluginID",
  "openSceneRelativePaths" : [
    "Fly.usda"
  ],
  "recentIdentifiers" : {
    "08038ACD-9E2E-46F4-B009-59446D863BAB" : [

    ]
  },
  "sceneCameraHistory" : {
    "08038ACD-9E2E-46F4-B009-59446D863BAB" : [
      {
        "date" : 752897209.864673,
        "title" : "Untitled",
        "transform" : [
          0.98836076,
          -1.4383691e-08,
          -0.15212852,
          0,
          -0.05744577,
          0.9259633,
          -0.3732184,
          0,
          0.14086539,
          0.37761346,
          0.9151858,
          0,
          0.03214854,
          0.2761918,
          0.33907285,
          1
        ]
      },
      {
        "date" : 752897136.720515,
        "title" : "Untitled",
        "transform" : [
          0.98836076,
          -1.4383691e-08,
          -0.15212852,
          0,
          -0.05744577,
          0.9259633,
          -0.3732184,
          0,
          0.14086539,
          0.37761346,
          0.9151858,
          0,
          0.042606547,
          0.26693216,
          0.3412839,
          1
        ]
      },
      {
        "date" : 752897131.256662,
        "title" : "Untitled",
        "transform" : [
          0.98836076,
          -1.4383691e-08,
          -0.15212852,
          0,
          -0.05744577,
          0.9259633,
          -0.3732184,
          0,
          0.14086539,
          0.37761346,
          0.9151858,
          0,
          0.055362433,
          0.22063397,
          0.35842362,
          1
        ]
      },
      {
        "date" : 752896783.757459,
        "title" : "Untitled",
        "transform" : [
          0.98836076,
          -1.4383691e-08,
          -0.15212852,
          0,
          -0.05744577,
          0.9259633,
          -0.3732184,
          0,
          0.14086539,
          0.37761346,
          0.9151858,
          0,
          0.15546885,
          0.6195846,
          1.0065256,
          1
        ]
      },
      {
        "date" : 752896779.683844,
        "title" : "Untitled",
        "transform" : [
          0.96849996,
          -1.921963e-08,
          -0.24901363,
          0,
          0.056538448,
          0.9738832,
          0.21989748,
          0,
          0.24251014,
          -0.22704962,
          0.94320583,
          0,
          0.3484678,
          -0.1492784,
          1.3531508,
          1
        ]
      },
      {
        "date" : 752896749.278609,
        "title" : "Untitled",
        "transform" : [
          0.9994883,
          6.0394423e-10,
          -0.03198798,
          0,
          -0.01512179,
          0.88120544,
          -0.4724917,
          0,
          0.028187979,
          0.47273353,
          0.8807545,
          0,
          0.029646818,
          0.7210889,
          0.90951556,
          1
        ]
      },
      {
        "date" : 752896747.515204,
        "title" : "Untitled",
        "transform" : [
          0.9994883,
          6.0394423e-10,
          -0.03198798,
          0,
          -0.01512179,
          0.88120544,
          -0.4724917,
          0,
          0.028187979,
          0.47273353,
          0.8807545,
          0,
          0.029773362,
          0.7257034,
          0.9133977,
          1
        ]
      },
      {
        "date" : 752896644.909165,
        "title" : "Untitled",
        "transform" : [
          0.9994883,
          6.0394423e-10,
          -0.03198798,
          0,
          -0.01512179,
          0.88120544,
          -0.4724917,
          0,
          0.028187983,
          0.4727336,
          0.8807546,
          0,
          0.01703113,
          0.26105025,
          0.52248704,
          1
        ]
      },
      {
        "date" : 752896622.148417,
        "title" : "Untitled",
        "transform" : [
          0.99852747,
          7.397838e-10,
          -0.054248318,
          0,
          -0.023854768,
          0.8981287,
          -0.4390854,
          0,
          0.04872197,
          0.43973288,
          0.8968062,
          0,
          0.029091788,
          0.24151419,
          0.52978307,
          1
        ]
      },
      {
        "date" : 752896555.696763,
        "title" : "Untitled",
        "transform" : [
          0.99852747,
          7.397838e-10,
          -0.054248318,
          0,
          -0.023854768,
          0.8981287,
          -0.4390854,
          0,
          0.04872197,
          0.43973288,
          0.8968062,
          0,
          0.13364355,
          1.109482,
          2.4337485,
          1
        ]
      }
    ]
  },
  "sceneViewportBackgroundColors" : {

  },
  "selectedSceneRelativePath" : "Fly.usda"
}